
[stance]
frames=8
duration=120
type=looped
frame=0,0,4231,0,20,36,9,31
frame=0,1,4083,0,25,36,11,31
frame=0,2,2250,39,28,35,11,31
frame=0,3,3270,38,26,36,10,31
frame=0,4,2530,39,20,35,9,31
frame=0,5,4183,0,24,36,10,31
frame=0,6,3108,38,27,36,10,31
frame=0,7,3296,38,26,36,10,31
frame=1,0,4251,0,20,36,9,31
frame=1,1,4106,36,25,36,11,31
frame=1,2,2278,39,28,35,11,31
frame=1,3,3322,38,26,36,10,31
frame=1,4,2550,39,20,35,9,31
frame=1,5,3857,0,24,37,10,32
frame=1,6,3135,38,27,36,10,31
frame=1,7,4002,37,26,36,10,31
frame=2,0,3881,0,21,37,9,32
frame=2,1,3757,0,25,37,11,32
frame=2,2,2306,39,28,35,11,31
frame=2,3,3644,37,26,37,10,32
frame=2,4,4254,36,20,36,9,32
frame=2,5,3774,37,25,37,10,32
frame=2,6,3545,0,27,37,10,32
frame=2,7,3653,0,26,37,10,32
frame=3,0,3898,37,21,37,9,32
frame=3,1,3782,0,25,37,11,32
frame=3,2,2968,38,28,36,11,32
frame=3,3,2978,0,26,38,10,33
frame=3,4,3965,0,20,37,9,33
frame=3,5,3160,0,25,38,10,33
frame=3,6,3507,37,28,37,10,32
frame=3,7,3563,37,27,37,10,32
frame=4,0,3902,0,21,37,9,32
frame=4,1,3185,0,25,38,11,33
frame=4,2,2996,38,28,36,11,32
frame=4,3,3004,0,26,38,10,33
frame=4,4,3919,37,21,37,9,33
frame=4,5,3210,0,25,38,10,33
frame=4,6,3517,0,28,37,10,32
frame=4,7,2951,0,27,38,10,33
frame=5,0,3923,0,21,37,9,32
frame=5,1,3799,37,25,37,11,32
frame=5,2,3024,38,28,36,11,32
frame=5,3,3030,0,26,38,10,33
frame=5,4,3982,37,20,37,9,33
frame=5,5,3235,0,25,38,10,33
frame=5,6,3535,37,28,37,10,32
frame=5,7,3572,0,27,37,10,32
frame=6,0,4271,0,20,36,9,31
frame=6,1,3807,0,25,37,11,32
frame=6,2,2334,39,28,35,11,31
frame=6,3,3670,37,26,37,10,32
frame=6,4,4274,36,20,36,9,32
frame=6,5,3824,37,25,37,10,32
frame=6,6,3590,37,27,37,10,32
frame=6,7,3679,0,26,37,10,32
frame=7,0,4291,0,20,36,9,31
frame=7,1,4108,0,25,36,11,31
frame=7,2,2362,39,28,35,11,31
frame=7,3,4005,0,26,36,10,31
frame=7,4,2570,39,20,35,9,31
frame=7,5,3874,37,24,37,10,32
frame=7,6,3162,38,27,36,10,31
frame=7,7,4028,36,26,36,10,31

[ment]
frames=8
duration=60
type=play_once
frame=0,0,4294,36,20,36,9,31
frame=0,1,4131,36,25,36,11,31
frame=0,2,2390,39,28,35,11,31
frame=0,3,4031,0,26,36,10,31
frame=0,4,2590,39,20,35,9,31
frame=0,5,4206,36,24,36,10,31
frame=0,6,3189,38,27,36,10,31
frame=0,7,4054,36,26,36,10,31
frame=1,0,3940,37,21,37,9,32
frame=1,1,3696,37,26,37,11,32
frame=1,2,2880,38,30,36,12,32
frame=1,3,2923,0,28,38,11,33
frame=1,4,3985,0,20,37,9,33
frame=1,5,3260,0,25,38,10,33
frame=1,6,3457,0,30,37,11,32
frame=1,7,3599,0,27,37,10,32
frame=2,0,2121,0,21,40,9,35
frame=2,1,2016,0,27,40,11,35
frame=2,2,3327,0,33,37,13,33
frame=2,3,2351,0,30,39,12,34
frame=2,4,2655,0,21,39,9,35
frame=2,5,2583,0,26,39,10,34
frame=2,6,2890,0,33,38,13,33
frame=2,7,2320,0,31,39,12,34
frame=3,0,2142,0,21,40,9,35
frame=3,1,2556,0,27,39,11,34
frame=3,2,3381,37,32,37,13,33
frame=3,3,2471,0,29,39,11,34
frame=3,4,2163,0,21,40,9,36
frame=3,5,2043,0,26,40,10,35
frame=3,6,2856,0,34,38,13,33
frame=3,7,2381,0,30,39,11,34
frame=4,0,3285,0,21,38,9,33
frame=4,1,3056,0,26,38,11,33
frame=4,2,2752,38,33,36,14,32
frame=4,3,1958,0,29,40,12,35
frame=4,4,2184,0,20,40,9,36
frame=4,5,1842,0,27,41,10,36
frame=4,6,2716,0,35,38,13,33
frame=4,7,3393,0,32,37,12,32
frame=5,0,3944,0,21,37,9,32
frame=5,1,3705,0,26,37,11,32
frame=5,2,2818,38,31,36,13,32
frame=5,3,2500,0,28,39,11,34
frame=5,4,2676,0,20,39,9,35
frame=5,5,2069,0,26,40,10,35
frame=5,6,3413,37,32,37,12,32
frame=5,7,3477,37,30,37,11,32
frame=6,0,4311,0,20,36,9,31
frame=6,1,4133,0,25,36,11,31
frame=6,2,2418,39,28,35,11,31
frame=6,3,3722,37,26,37,10,32
frame=6,4,4314,36,20,36,9,32
frame=6,5,3832,0,25,37,10,32
frame=6,6,2910,38,29,36,11,31
frame=6,7,3617,37,27,37,10,32
frame=7,0,4331,0,20,36,9,31
frame=7,1,4156,36,25,36,11,31
frame=7,2,2446,39,28,35,11,31
frame=7,3,4057,0,26,36,10,31
frame=7,4,2610,39,20,35,9,31
frame=7,5,4207,0,24,36,10,31
frame=7,6,3052,38,28,36,10,31
frame=7,7,3216,38,27,36,10,31

[die]
frames=8
duration=120
type=play_once
frame=0,0,2609,0,23,39,9,34
frame=0,1,3108,0,26,38,11,33
frame=0,2,1724,0,31,41,12,37
frame=0,3,1048,0,28,45,10,40
frame=0,4,926,0,20,46,9,42
frame=0,5,872,0,27,46,10,41
frame=0,6,1424,0,33,43,13,38
frame=0,7,1896,0,31,40,12,35
frame=1,0,1674,0,25,42,9,37
frame=1,1,1786,0,28,41,11,36
frame=1,2,1190,0,35,44,14,40
frame=1,3,522,0,32,50,13,45
frame=1,4,478,0,22,51,9,47
frame=1,5,416,0,31,51,10,46
frame=1,6,682,0,41,47,15,42
frame=1,7,1350,0,37,43,13,38
frame=2,0,1490,0,26,43,10,38
frame=2,1,1614,0,30,42,11,37
frame=2,2,966,0,41,45,17,41
frame=2,3,344,0,36,51,15,46
frame=2,4,294,0,25,52,10,48
frame=2,5,140,0,35,53,13,48
frame=2,6,586,0,48,49,19,44
frame=2,7,1104,0,43,44,17,39
frame=3,0,3348,37,33,37,14,30
frame=3,1,2411,0,30,39,13,32
frame=3,2,1260,0,45,43,20,38
frame=3,3,210,0,42,52,20,44
frame=3,4,0,0,32,59,16,47
frame=3,5,64,0,38,56,15,46
frame=3,6,764,0,54,46,24,41
frame=3,7,2224,0,48,39,21,34
frame=4,0,872,46,37,28,17,19
frame=4,1,946,46,30,28,14,17
frame=4,2,700,47,48,27,23,18
frame=4,3,1915,40,45,34,23,26
frame=4,4,1542,0,36,42,19,30
frame=4,5,2786,0,35,38,16,28
frame=4,6,1105,44,52,30,25,22
frame=4,7,140,53,46,21,21,15
frame=5,0,1387,43,40,30,19,18
frame=5,1,1764,41,38,29,16,17
frame=5,2,232,52,51,22,25,13
frame=5,3,186,53,46,21,24,12
frame=5,4,1510,43,40,29,20,17
frame=5,5,796,46,38,28,21,17
frame=5,6,4371,0,51,25,25,15
frame=5,7,480,51,47,23,22,16
frame=6,0,1638,42,43,32,22,17
frame=6,1,976,45,43,29,19,16
frame=6,2,4433,50,57,24,30,14
frame=6,3,380,51,50,23,26,12
frame=6,4,1019,45,43,29,20,17
frame=6,5,2050,40,42,27,23,16
frame=6,6,586,49,57,25,26,14
frame=6,7,4422,0,49,25,23,16
frame=7,0,1550,42,44,32,23,16
frame=7,1,1209,44,45,30,20,16
frame=7,2,527,50,59,24,32,14
frame=7,3,4474,24,52,24,28,12
frame=7,4,1299,43,44,31,20,18
frame=7,5,1870,41,45,27,25,16
frame=7,6,2134,40,58,26,26,14
frame=7,7,2650,39,51,26,23,16

[hit]
frames=4
duration=30
type=play_once
frame=0,0,3306,0,21,38,9,33
frame=0,1,3082,0,26,38,11,33
frame=0,2,2785,38,33,36,14,32
frame=0,3,1987,0,29,40,12,35
frame=0,4,2204,0,20,40,9,36
frame=0,5,1869,0,27,41,10,36
frame=0,6,2751,0,35,38,13,33
frame=0,7,3425,0,32,37,12,32
frame=1,0,3961,37,21,37,9,32
frame=1,1,3731,0,26,37,11,32
frame=1,2,2849,38,31,36,13,32
frame=1,3,2528,0,28,39,11,34
frame=1,4,2696,0,20,39,9,35
frame=1,5,2095,0,26,40,10,35
frame=1,6,3445,37,32,37,12,32
frame=1,7,3487,0,30,37,11,32
frame=2,0,4334,36,20,36,9,31
frame=2,1,4158,0,25,36,11,31
frame=2,2,2474,39,28,35,11,31
frame=2,3,3748,37,26,37,10,32
frame=2,4,4351,0,20,36,9,32
frame=2,5,3849,37,25,37,10,32
frame=2,6,2939,38,29,36,11,31
frame=2,7,3626,0,27,37,10,32
frame=3,0,4354,36,20,36,9,31
frame=3,1,4181,36,25,36,11,31
frame=3,2,2502,39,28,35,11,31
frame=3,3,4080,36,26,36,10,31
frame=3,4,2630,39,20,35,9,31
frame=3,5,4230,36,24,36,10,31
frame=3,6,3080,38,28,36,10,31
frame=3,7,3243,38,27,36,10,31

[critdie]
frames=8
duration=120
type=play_once
frame=0,0,2632,0,23,39,9,34
frame=0,1,3134,0,26,38,11,33
frame=0,2,1755,0,31,41,12,37
frame=0,3,1076,0,28,45,10,40
frame=0,4,946,0,20,46,9,42
frame=0,5,899,0,27,46,10,41
frame=0,6,1457,0,33,43,13,38
frame=0,7,1927,0,31,40,12,35
frame=1,0,1699,0,25,42,9,37
frame=1,1,1814,0,28,41,11,36
frame=1,2,1225,0,35,44,14,40
frame=1,3,554,0,32,50,13,45
frame=1,4,500,0,22,51,9,47
frame=1,5,447,0,31,51,10,46
frame=1,6,723,0,41,47,15,42
frame=1,7,1387,0,37,43,13,38
frame=2,0,1516,0,26,43,10,38
frame=2,1,1644,0,30,42,11,37
frame=2,2,1007,0,41,45,17,41
frame=2,3,380,0,36,51,15,46
frame=2,4,319,0,25,52,10,48
frame=2,5,175,0,35,53,13,48
frame=2,6,634,0,48,49,19,44
frame=2,7,1147,0,43,44,17,39
frame=3,0,3360,0,33,37,14,30
frame=3,1,2441,0,30,39,13,32
frame=3,2,1305,0,45,43,20,38
frame=3,3,252,0,42,52,20,44
frame=3,4,32,0,32,59,16,47
frame=3,5,102,0,38,56,15,46
frame=3,6,818,0,54,46,24,41
frame=3,7,2272,0,48,39,21,34
frame=4,0,909,46,37,28,17,19
frame=4,1,1840,41,30,28,14,17
frame=4,2,748,47,48,27,23,18
frame=4,3,1960,40,45,34,23,26
frame=4,4,1578,0,36,42,19,30
frame=4,5,2821,0,35,38,16,28
frame=4,6,1157,44,52,30,25,22
frame=4,7,334,52,46,21,21,15
frame=5,0,1427,43,40,30,19,18
frame=5,1,1802,41,38,29,16,17
frame=5,2,283,52,51,22,25,13
frame=5,3,4528,0,46,21,24,12
frame=5,4,1724,41,40,29,20,17
frame=5,5,834,46,38,28,21,17
frame=5,6,4374,25,51,25,25,15
frame=5,7,4526,24,47,23,22,16
frame=6,0,1681,42,43,32,22,17
frame=6,1,1062,45,43,29,19,16
frame=6,2,4471,0,57,24,30,14
frame=6,3,430,51,50,23,26,12
frame=6,4,1467,43,43,29,20,17
frame=6,5,2092,40,42,27,23,16
frame=6,6,643,49,57,25,26,14
frame=6,7,4425,25,49,25,23,16
frame=7,0,1594,42,44,32,23,16
frame=7,1,1254,44,45,30,20,16
frame=7,2,4374,50,59,24,32,14
frame=7,3,4490,48,52,24,28,12
frame=7,4,1343,43,44,31,20,18
frame=7,5,2005,40,45,27,25,16
frame=7,6,2192,40,58,26,26,14
frame=7,7,2701,39,51,26,23,16
