
[stance]
frames=8
duration=100
type=looped
frame=0,0,17608,150,90,150,23,120
frame=0,1,19585,0,130,147,44,122
frame=0,2,25188,137,160,137,68,122
frame=0,3,19857,147,129,147,59,122
frame=0,4,17016,0,100,151,40,120
frame=0,5,26031,0,129,135,59,118
frame=0,6,13445,308,161,123,68,116
frame=0,7,19012,296,130,135,44,118
frame=1,0,1390,0,102,193,33,157
frame=1,1,3240,180,194,180,84,149
frame=1,2,22829,288,211,143,87,127
frame=1,3,3045,180,195,180,76,149
frame=1,4,1279,0,111,194,42,157
frame=1,5,2849,180,196,180,77,145
frame=1,6,19956,294,211,137,87,127
frame=1,7,2439,181,194,181,84,145
frame=2,0,352,0,106,218,29,192
frame=2,1,646,0,177,217,65,192
frame=2,2,1668,0,196,191,73,174
frame=2,3,458,0,188,217,68,192
frame=2,4,224,0,128,218,45,192
frame=2,5,0,228,188,201,68,180
frame=2,6,8910,162,196,161,73,157
frame=2,7,188,226,177,201,66,180
frame=3,0,118,0,106,226,30,185
frame=3,1,365,218,210,212,89,181
frame=3,2,6123,0,227,167,99,152
frame=3,3,575,217,208,214,80,182
frame=3,4,0,0,118,228,42,186
frame=3,5,783,217,209,200,81,164
frame=3,6,19291,294,228,137,100,132
frame=3,7,992,199,213,198,91,162
frame=4,0,5104,173,110,172,39,127
frame=4,1,8946,0,194,161,98,129
frame=4,2,22607,288,222,143,101,129
frame=4,3,9106,161,192,161,71,129
frame=4,4,5000,174,104,174,40,127
frame=4,5,5918,169,191,169,71,124
frame=4,6,19519,294,222,137,100,121
frame=4,7,5725,169,193,169,98,124
frame=5,0,22912,0,104,144,39,131
frame=5,1,18220,0,102,149,46,133
frame=5,2,18966,148,80,148,26,134
frame=5,3,18951,0,98,148,38,133
frame=5,4,23000,144,103,144,36,131
frame=5,5,18263,149,97,149,37,127
frame=5,6,23739,0,79,143,26,124
frame=5,7,17506,150,102,150,46,127
frame=6,0,18841,0,110,148,45,128
frame=6,1,17380,150,126,150,59,130
frame=6,2,18861,148,105,148,42,131
frame=6,3,17497,0,116,150,47,130
frame=6,4,20104,0,105,147,40,128
frame=6,5,14157,154,117,154,48,125
frame=6,6,22895,144,105,144,41,122
frame=6,7,14031,154,126,154,59,125
frame=7,0,14265,0,90,154,24,123
frame=7,1,16047,0,141,152,55,125
frame=7,2,24064,141,160,140,69,125
frame=7,3,16942,151,138,151,62,125
frame=7,4,14165,0,100,154,38,123
frame=7,5,21740,0,139,145,62,120
frame=7,6,15617,304,161,127,69,118
frame=7,7,21684,145,142,145,55,120

[run]
frames=8
duration=75
type=looped
frame=0,0,6529,0,155,166,50,122
frame=0,1,22592,0,174,144,69,111
frame=0,2,22351,145,210,144,94,113
frame=0,3,20315,146,174,146,79,111
frame=0,4,7000,165,153,165,74,122
frame=0,5,18360,148,174,148,79,118
frame=0,6,18322,0,210,148,94,129
frame=0,7,18532,0,173,148,69,118
frame=1,0,2076,185,152,185,47,140
frame=1,1,10090,160,193,159,95,131
frame=1,2,17698,150,227,149,100,112
frame=1,3,9140,0,190,161,68,132
frame=1,4,1918,185,158,185,82,140
frame=1,5,5214,170,191,170,68,127
frame=1,6,16169,303,227,128,100,110
frame=1,7,5930,0,193,168,95,126
frame=2,0,1561,192,162,192,75,150
frame=2,1,4371,0,203,174,114,151
frame=2,2,8050,163,226,162,98,129
frame=2,3,4494,174,184,174,56,151
frame=2,4,1492,0,176,192,70,150
frame=2,5,3434,180,184,179,56,128
frame=2,6,17964,298,225,133,97,102
frame=2,7,2678,0,203,180,114,128
frame=3,0,1126,0,153,197,71,150
frame=3,1,1864,0,217,185,117,159
frame=3,2,6109,168,235,167,107,137
frame=3,3,1723,191,195,187,67,160
frame=3,4,823,0,170,199,65,151
frame=3,5,2081,0,195,183,67,131
frame=3,6,17729,299,235,132,107,103
frame=3,7,2633,181,216,180,116,130
frame=4,0,993,0,133,198,50,149
frame=4,1,2276,0,208,181,97,144
frame=4,2,22370,289,237,142,109,113
frame=4,3,2228,183,211,181,83,144
frame=4,4,1205,197,143,197,64,149
frame=4,5,5719,0,211,169,83,127
frame=4,6,15381,304,236,127,108,108
frame=4,7,5190,0,209,170,98,127
frame=5,0,27007,261,158,130,54,108
frame=5,1,19975,0,129,147,39,109
frame=5,2,18113,0,107,149,45,114
frame=5,3,20651,146,145,146,76,109
frame=5,4,27032,130,157,130,74,108
frame=5,5,20726,0,144,146,76,132
frame=5,6,8839,0,107,162,45,141
frame=5,7,21001,0,129,146,39,132
frame=6,0,26675,132,157,131,53,104
frame=6,1,18705,0,136,148,38,109
frame=6,2,20796,146,135,146,59,114
frame=6,3,19578,147,149,147,81,109
frame=6,4,26815,0,153,131,70,104
frame=6,5,23818,0,149,142,81,128
frame=6,6,10283,159,134,159,59,138
frame=6,7,22100,290,135,141,38,128
frame=7,0,14840,0,156,153,51,112
frame=7,1,19415,147,163,147,57,109
frame=7,2,23251,286,197,143,89,113
frame=7,3,20489,146,162,146,83,109
frame=7,4,14925,153,154,153,73,112
frame=7,5,20405,0,163,146,83,121
frame=7,6,15673,0,197,152,89,132
frame=7,7,21427,0,163,145,57,121

[ranged]
frames=8
duration=100
type=play_once
frame=0,0,25886,136,146,136,38,107
frame=0,1,19727,147,130,147,44,116
frame=0,2,15079,153,136,153,61,119
frame=0,3,21130,0,124,146,63,116
frame=0,4,25738,136,148,136,79,107
frame=0,5,26032,135,124,135,63,115
frame=0,6,24640,279,136,139,61,126
frame=0,7,24412,0,147,140,61,120
frame=1,0,25753,0,148,136,39,106
frame=1,1,22149,0,130,145,44,115
frame=1,2,15215,153,135,153,61,119
frame=1,3,22279,0,125,145,64,115
frame=1,4,25589,137,149,136,80,106
frame=1,5,25474,274,123,137,63,116
frame=1,6,23967,0,135,141,61,127
frame=1,7,25348,137,131,137,44,116
frame=2,0,18549,296,155,135,43,102
frame=2,1,21879,0,136,145,48,112
frame=2,2,16869,0,147,151,68,115
frame=2,3,22015,0,134,145,69,112
frame=2,4,18858,296,154,135,82,102
frame=2,5,24695,0,133,139,69,116
frame=2,6,22766,0,146,144,68,128
frame=2,7,24530,140,137,139,49,116
frame=3,0,21940,290,160,141,48,98
frame=3,1,23591,0,148,143,50,104
frame=3,2,22561,144,188,144,88,108
frame=3,3,23915,142,149,142,81,104
frame=3,4,24224,140,159,140,84,97
frame=3,5,24353,280,150,140,82,117
frame=3,6,19236,0,187,147,88,128
frame=3,7,21051,292,147,139,50,116
frame=4,0,4066,0,155,177,50,142
frame=4,1,12720,155,164,155,36,115
frame=4,2,26968,0,200,130,83,96
frame=4,3,11505,0,157,157,97,115
frame=4,4,4221,0,150,176,76,142
frame=4,5,8598,162,158,162,97,149
frame=4,6,17180,150,200,150,83,130
frame=4,7,7886,163,164,163,36,149
frame=5,0,3618,179,158,179,50,143
frame=5,1,10922,158,164,158,36,117
frame=5,2,26312,134,205,133,85,99
frame=5,3,10263,0,158,159,96,118
frame=5,4,3776,179,155,179,80,144
frame=5,5,8681,0,158,162,96,149
frame=5,6,15470,0,203,152,85,132
frame=5,7,8359,0,164,162,36,149
frame=6,0,4678,174,162,174,49,136
frame=6,1,11894,156,164,156,36,114
frame=6,2,21575,290,205,141,86,105
frame=6,3,11344,0,161,157,98,114
frame=6,4,4840,174,160,174,83,137
frame=6,5,13046,155,161,155,98,143
frame=6,6,17908,0,205,149,87,130
frame=6,7,12174,0,163,156,35,143
frame=7,0,5405,170,161,170,48,133
frame=7,1,12221,156,163,156,35,112
frame=7,2,23226,0,202,143,86,108
frame=7,3,12884,155,162,155,99,112
frame=7,4,5566,170,159,170,82,133
frame=7,5,14518,0,163,153,99,141
frame=7,6,15553,152,203,152,86,133
frame=7,7,14603,153,163,153,35,141

[ment]
frames=8
duration=100
type=play_once
frame=0,0,25745,272,146,136,38,107
frame=0,1,19715,0,130,147,44,116
frame=0,2,14996,0,136,153,61,119
frame=0,3,21062,146,124,146,63,116
frame=0,4,25605,0,148,136,79,107
frame=0,5,26020,272,124,135,63,115
frame=0,6,24559,0,136,139,61,126
frame=0,7,24383,140,147,140,61,120
frame=1,0,25597,273,148,136,39,106
frame=1,1,22096,145,130,145,44,115
frame=1,2,15132,0,135,153,61,119
frame=1,3,22226,145,125,145,64,115
frame=1,4,19142,295,149,136,80,106
frame=1,5,25372,0,123,137,63,116
frame=1,6,22235,290,135,141,61,127
frame=1,7,25343,274,131,137,44,116
frame=2,0,18394,296,155,135,43,102
frame=2,1,21826,145,136,145,48,112
frame=2,2,16795,151,147,151,68,115
frame=2,3,21962,145,134,145,69,112
frame=2,4,18704,296,154,135,82,102
frame=2,5,24667,139,133,139,69,116
frame=2,6,22749,144,146,144,68,128
frame=2,7,24503,280,137,139,49,116
frame=3,0,21780,290,160,141,48,98
frame=3,1,23495,143,148,143,50,104
frame=3,2,22404,0,188,144,88,108
frame=3,3,23873,285,149,142,81,104
frame=3,4,24194,281,159,140,84,97
frame=3,5,24262,0,150,140,82,117
frame=3,6,19049,0,187,147,88,128
frame=3,7,20904,292,147,139,50,116
frame=4,0,3931,178,155,177,50,142
frame=4,1,12654,0,164,155,36,115
frame=4,2,26832,131,200,130,83,96
frame=4,3,11413,157,157,157,97,115
frame=4,4,4205,177,150,176,76,142
frame=4,5,8440,162,158,162,97,149
frame=4,6,17116,0,200,150,83,130
frame=4,7,7876,0,164,163,36,149
frame=5,0,3466,0,158,179,50,143
frame=5,1,10758,158,164,158,36,117
frame=5,2,18189,298,205,133,85,99
frame=5,3,10105,0,158,159,96,118
frame=5,4,3624,0,155,179,80,144
frame=5,5,8523,0,158,162,96,149
frame=5,6,15267,0,203,152,85,132
frame=5,7,8276,162,164,162,36,149
frame=6,0,4574,0,162,174,49,136
frame=6,1,11847,0,164,156,36,114
frame=6,2,21370,290,205,141,86,105
frame=6,3,11252,157,161,157,98,114
frame=6,4,4736,0,160,174,83,137
frame=6,5,12980,0,161,155,98,143
frame=6,6,17703,0,205,149,87,130
frame=6,7,12011,0,163,156,35,143
frame=7,0,5399,0,161,170,48,133
frame=7,1,12058,156,163,156,35,112
frame=7,2,23103,143,202,143,86,108
frame=7,3,12818,0,162,155,99,112
frame=7,4,5560,0,159,170,82,133
frame=7,5,14355,0,163,153,99,141
frame=7,6,15350,152,203,152,86,133
frame=7,7,14440,153,163,153,35,141

[die]
frames=8
duration=125
type=play_once
frame=0,0,9476,161,147,161,49,116
frame=0,1,25015,137,173,137,69,102
frame=0,2,16941,302,213,128,96,98
frame=0,3,23703,286,170,142,80,106
frame=0,4,7168,0,146,165,71,121
frame=0,5,21186,146,173,145,80,115
frame=0,6,24776,278,215,138,96,118
frame=0,7,21198,291,172,140,68,110
frame=1,0,20870,0,131,146,45,106
frame=1,1,13121,310,162,120,63,89
frame=1,2,7887,326,202,105,89,77
frame=1,3,26144,270,156,134,71,100
frame=1,4,10923,0,128,158,64,114
frame=1,5,20580,292,162,139,76,110
frame=1,6,12499,311,207,120,94,100
frame=1,7,16396,302,161,129,65,102
frame=2,0,27283,256,112,126,42,97
frame=2,1,8869,324,135,106,52,84
frame=2,2,5861,338,169,93,67,70
frame=2,3,14143,308,130,122,52,94
frame=2,4,23601,286,102,143,51,105
frame=2,5,13767,308,135,123,62,95
frame=2,6,8089,325,174,106,82,84
frame=2,7,11224,315,136,113,61,91
frame=3,0,27165,260,118,126,44,92
frame=3,1,10235,319,124,112,47,82
frame=3,2,5690,340,171,87,75,59
frame=3,3,10930,316,147,113,67,84
frame=3,4,25479,137,110,137,59,101
frame=3,5,15778,304,129,127,63,97
frame=3,6,7714,327,173,104,77,82
frame=3,7,8437,324,152,107,64,86
frame=4,0,14673,306,112,125,45,86
frame=4,1,11360,314,108,117,39,76
frame=4,2,27470,80,173,84,82,54
frame=4,3,12330,312,169,96,87,61
frame=4,4,12706,310,104,121,56,85
frame=4,5,15141,306,120,120,67,87
frame=4,6,6199,335,174,96,76,73
frame=4,7,7162,330,170,96,69,78
frame=5,0,10702,316,114,115,45,75
frame=5,1,9871,320,102,111,35,65
frame=5,2,4193,354,168,74,81,46
frame=5,3,4361,351,172,80,92,43
frame=5,4,7502,328,106,103,59,65
frame=5,5,9496,322,101,105,58,70
frame=5,6,4533,348,168,83,78,58
frame=5,7,4869,348,172,81,72,64
frame=6,0,5306,340,107,90,45,55
frame=6,1,6693,331,90,97,34,52
frame=6,2,2271,364,150,65,69,34
frame=6,3,2571,362,160,63,88,32
frame=6,4,27433,352,106,79,59,40
frame=6,5,5213,345,93,86,53,50
frame=6,6,2891,360,147,60,76,36
frame=6,7,3185,360,160,59,70,42
frame=7,0,27645,0,105,81,46,48
frame=7,1,5520,340,85,90,34,47
frame=7,2,1993,370,139,61,62,30
frame=7,3,3505,359,150,58,82,31
frame=7,4,3655,358,106,73,59,35
frame=7,5,4017,355,88,76,49,41
frame=7,6,1723,378,135,53,73,29
frame=7,7,27283,382,150,49,68,32

[melee]
frames=8
duration=120
type=play_once
frame=0,0,15870,0,177,152,86,124
frame=0,1,10758,0,165,158,93,139
frame=0,2,7015,0,153,165,64,136
frame=0,3,10592,0,166,158,47,139
frame=0,4,15756,152,183,152,66,124
frame=0,5,14274,154,166,153,47,110
frame=0,6,23448,286,153,143,64,106
frame=0,7,16546,0,165,151,93,109
frame=1,0,13535,154,180,154,90,125
frame=1,1,9924,160,166,160,95,140
frame=1,2,6857,0,158,165,67,136
frame=1,3,10588,158,170,158,48,140
frame=1,4,13348,154,187,154,66,125
frame=1,5,12384,156,169,155,46,111
frame=1,6,20568,0,158,146,67,106
frame=1,7,13689,0,167,154,95,111
frame=2,0,7699,0,177,163,91,128
frame=2,1,6835,165,165,165,101,143
frame=2,2,6654,166,181,165,79,135
frame=2,3,9298,161,178,161,50,143
frame=2,4,7698,164,188,163,66,128
frame=2,5,10417,159,171,158,43,113
frame=2,6,17316,0,181,150,79,110
frame=2,7,10421,0,171,158,101,114
frame=3,0,3779,0,134,179,70,138
frame=3,1,6350,0,179,166,109,146
frame=3,2,13294,0,211,154,93,130
frame=3,3,8188,0,171,162,43,146
frame=3,4,3913,0,153,178,52,137
frame=3,5,7447,164,170,164,42,116
frame=3,6,23016,0,210,143,92,114
frame=3,7,7435,0,178,164,109,117
frame=4,0,11179,0,165,157,63,121
frame=4,1,6483,166,171,166,45,118
frame=4,2,13505,0,184,154,79,118
frame=4,3,6684,0,173,165,103,118
frame=4,4,12486,0,168,155,80,119
frame=4,5,19242,147,173,147,103,129
frame=4,6,17925,149,183,149,81,121
frame=4,7,18534,148,170,148,45,130
frame=5,0,9969,0,136,160,56,122
frame=5,1,8040,0,148,163,34,121
frame=5,2,20209,0,196,146,86,121
frame=5,3,8756,162,154,162,91,121
frame=5,4,9623,161,130,161,59,122
frame=5,5,21590,0,150,145,90,124
frame=5,6,19046,148,196,147,87,121
frame=5,7,24102,0,160,140,46,125
frame=6,0,7617,164,81,164,33,124
frame=6,1,14681,0,159,153,73,125
frame=6,2,26402,267,197,133,88,126
frame=6,3,13856,0,157,154,63,125
frame=6,4,7613,0,86,164,22,124
frame=6,5,15939,152,157,152,63,120
frame=6,6,26619,0,196,132,87,118
frame=6,7,14766,153,159,153,73,120
frame=7,0,11570,157,155,157,80,125
frame=7,1,18108,149,155,149,92,133
frame=7,2,11725,156,169,156,72,129
frame=7,3,13874,154,157,154,38,133
frame=7,4,11086,158,166,157,60,125
frame=7,5,12553,155,167,155,47,114
frame=7,6,21359,145,169,145,73,111
frame=7,7,12337,0,149,156,92,115

[critdie]
frames=8
duration=125
type=play_once
frame=0,0,9482,0,147,161,49,116
frame=0,1,25039,0,173,137,69,102
frame=0,2,17154,302,213,128,96,98
frame=0,3,23745,143,170,142,80,106
frame=0,4,7301,165,146,165,71,121
frame=0,5,21254,0,173,145,80,115
frame=0,6,24800,139,215,138,96,118
frame=0,7,24022,284,172,140,68,110
frame=1,0,20931,146,131,146,45,106
frame=1,1,13283,310,162,120,63,89
frame=1,2,9294,322,202,105,89,77
frame=1,3,26156,135,156,134,71,100
frame=1,4,11051,0,128,158,64,114
frame=1,5,20742,292,162,139,76,110
frame=1,6,12914,310,207,120,94,100
frame=1,7,16557,302,161,129,65,102
frame=2,0,27307,130,112,126,42,97
frame=2,1,9159,322,135,106,52,84
frame=2,2,6030,338,169,93,67,70
frame=2,3,14273,308,130,122,52,94
frame=2,4,23643,143,102,143,51,105
frame=2,5,13902,308,135,123,62,95
frame=2,6,8263,325,174,106,82,84
frame=2,7,11678,314,136,113,61,91
frame=3,0,27189,130,118,126,44,92
frame=3,1,11952,312,124,112,47,82
frame=3,2,27419,164,171,87,75,59
frame=3,3,11077,316,147,113,67,84
frame=3,4,25495,0,110,137,59,101
frame=3,5,15907,304,129,127,63,97
frame=3,6,9698,322,173,104,77,82
frame=3,7,8589,324,152,107,64,86
frame=4,0,14785,306,112,125,45,86
frame=4,1,11468,314,108,117,39,76
frame=4,2,27590,164,173,84,82,54
frame=4,3,27395,256,169,96,87,61
frame=4,4,12810,310,104,121,56,85
frame=4,5,15261,306,120,120,67,87
frame=4,6,6988,330,174,96,76,73
frame=4,7,7332,330,170,96,69,78
frame=5,0,10816,316,114,115,45,75
frame=5,1,9973,320,102,111,35,65
frame=5,2,27590,248,168,74,81,46
frame=5,3,27425,0,172,80,92,43
frame=5,4,7608,328,106,103,59,65
frame=5,5,9597,322,101,105,58,70
frame=5,6,4701,348,168,83,78,58
frame=5,7,5041,348,172,81,72,64
frame=6,0,5413,340,107,90,45,55
frame=6,1,6783,331,90,97,34,52
frame=6,2,2421,364,150,65,69,34
frame=6,3,2731,361,160,63,88,32
frame=6,4,27539,352,106,79,59,40
frame=6,5,27645,322,93,86,53,50
frame=6,6,3038,360,147,60,76,36
frame=6,7,3345,360,160,59,70,42
frame=7,0,27320,0,105,81,46,48
frame=7,1,5605,340,85,90,34,47
frame=7,2,2132,370,139,61,62,30
frame=7,3,3867,358,150,58,82,31
frame=7,4,3761,358,106,73,59,35
frame=7,5,4105,354,88,76,49,41
frame=7,6,1858,378,135,53,73,29
frame=7,7,27320,81,150,49,68,32

[hit]
frames=8
duration=67
type=play_once
frame=0,0,4896,0,146,174,43,134
frame=0,1,16293,151,171,151,75,122
frame=0,2,16096,152,197,151,86,120
frame=0,3,16464,151,168,151,70,122
frame=0,4,5042,0,148,173,74,134
frame=0,5,9801,0,168,160,70,127
frame=0,6,20383,292,197,139,87,123
frame=0,7,9753,160,171,160,75,127
frame=1,0,6344,167,139,167,44,123
frame=1,1,23305,143,190,143,87,113
frame=1,2,20167,293,216,138,95,111
frame=1,3,16377,0,169,151,71,117
frame=1,4,4355,176,139,175,65,129
frame=1,5,11662,0,185,156,77,123
frame=1,6,19741,294,215,137,100,121
frame=1,7,9629,0,172,160,74,120
frame=2,0,7314,0,121,165,39,119
frame=2,1,26420,0,199,133,93,103
frame=2,2,16718,302,223,128,99,107
frame=2,3,13141,0,153,155,70,116
frame=2,4,4086,177,119,177,52,129
frame=2,5,20115,147,200,146,85,120
frame=2,6,26783,263,224,130,103,115
frame=2,7,13715,154,159,154,60,111
frame=3,0,13207,155,141,155,47,109
frame=3,1,26599,266,184,132,84,97
frame=3,2,24991,277,210,137,94,100
frame=3,3,26517,133,158,133,77,95
frame=3,4,14013,0,152,154,78,108
frame=3,5,17554,300,175,131,80,104
frame=3,6,10359,318,207,113,98,94
frame=3,7,18704,148,157,148,61,107
frame=4,0,26300,269,102,134,46,99
frame=4,1,14403,307,138,124,49,90
frame=4,2,10075,320,160,110,70,87
frame=4,3,11814,312,138,118,70,85
frame=4,4,15027,306,114,122,46,85
frame=4,5,10566,317,136,114,73,89
frame=4,6,9004,323,155,108,77,89
frame=4,7,14541,306,132,125,52,100
frame=5,0,6873,330,115,101,47,82
frame=5,1,12076,312,106,112,40,89
frame=5,2,14037,308,106,123,40,95
frame=5,3,11576,314,102,117,51,93
frame=5,4,8741,324,128,107,58,85
frame=5,5,6373,334,114,97,50,83
frame=5,6,6586,332,107,98,48,79
frame=5,7,6487,332,99,99,33,83
frame=6,0,25201,274,142,137,46,105
frame=6,1,26291,0,129,134,49,104
frame=6,2,21528,145,156,145,68,109
frame=6,3,26160,0,131,134,64,106
frame=6,4,27168,0,152,130,78,100
frame=6,5,14897,306,130,124,62,100
frame=6,6,12182,312,148,110,66,92
frame=6,7,16036,304,133,126,51,103
frame=7,0,7153,165,148,165,44,126
frame=7,1,19423,0,162,147,69,116
frame=7,2,16188,0,189,151,83,116
frame=7,3,23428,0,163,143,71,113
frame=7,4,9330,0,152,161,78,124
frame=7,5,16711,0,158,151,68,119
frame=7,6,17367,300,187,131,81,114
frame=7,7,16632,151,163,151,70,120

[block]
frames=2
duration=90
type=play_once
frame=0,0,17613,0,90,150,23,120
frame=0,1,19845,0,130,147,44,122
frame=0,2,25212,0,160,137,68,122
frame=0,3,19986,147,129,147,59,122
frame=0,4,17080,151,100,151,40,120
frame=0,5,25891,272,129,135,59,118
frame=0,6,13606,308,161,123,68,116
frame=0,7,25901,0,130,135,44,118
frame=1,0,1459,193,102,193,33,157
frame=1,1,3272,0,194,180,84,149
frame=1,2,23040,288,211,143,87,127
frame=1,3,3077,0,195,180,76,149
frame=1,4,1348,194,111,194,42,157
frame=1,5,2881,0,196,180,77,145
frame=1,6,24828,0,211,137,87,127
frame=1,7,2484,0,194,181,84,145
